       1       2     -0.500000   -0.500000   -0.684414      0.195242     0.984085
       1       1     -1.000000    0.000000    0.000000      0.005975     1.000000
       1       1      0.000000    0.000000   -1.368828     -0.000404     1.368828
       1       1     -1.000000   -1.000000    0.000000     -0.000539     1.414214
       1       1     -1.000000    0.000000   -1.368828      0.000987     1.695196
       1       2     -1.500000   -0.500000   -0.684414      0.028682     1.722911
       1       1     -1.000000   -1.000000   -1.368828     -0.000704     1.968169
       1       1     -2.000000    0.000000    0.000000     -0.002993     2.000000
       1       2     -0.500000   -0.500000   -2.053242      0.006015     2.171590
       1       2     -1.500000   -1.500000   -0.684414      0.003825     2.228996
       1       1     -2.000000   -1.000000    0.000000      0.000462     2.236068
       1       1     -2.000000    0.000000   -1.368828      0.000231     2.423570
       1       2     -1.500000   -0.500000   -2.053242     -0.003727     2.591487
       1       1     -2.000000   -1.000000   -1.368828      0.000158     2.621772
       1       2     -2.500000   -0.500000   -0.684414     -0.004024     2.639777
       1       1      0.000000    0.000000   -2.737657     -0.000140     2.737657
       1       1     -2.000000   -2.000000    0.000000     -0.000118     2.828427
       1       1     -1.000000    0.000000   -2.737657      0.000053     2.914578
       1       2     -1.500000   -1.500000   -2.053242      0.000415     2.952254
       1       2     -2.500000   -1.500000   -0.684414     -0.000085     2.994732
       1       1     -3.000000    0.000000    0.000000     -0.000813     3.000000
       1       1     -1.000000   -1.000000   -2.737657      0.000135     3.081357
       1       1     -2.000000   -2.000000   -1.368828      0.000092     3.142243
       1       1     -3.000000   -1.000000    0.000000     -0.000068     3.162278
       1       2     -2.500000   -0.500000   -2.053242      0.000008     3.273500
       1       1     -3.000000    0.000000   -1.368828     -0.000066     3.297528
       1       1     -2.000000    0.000000   -2.737657     -0.000067     3.390393
       1       1     -3.000000   -1.000000   -1.368828      0.000062     3.445822
       1       2     -0.500000   -0.500000   -3.422071     -0.000114     3.494362
       1       1     -2.000000   -1.000000   -2.737657     -0.000093     3.534793
       1       2     -2.500000   -1.500000   -2.053242     -0.001688     3.565923
       1       2     -3.500000   -0.500000   -0.684414     -0.001099     3.601170
       1       2     -2.500000   -2.500000   -0.684414     -0.000401     3.601170
       1       1     -3.000000   -2.000000    0.000000     -0.000113     3.605551
       1       2     -1.500000   -0.500000   -3.422071      0.000262     3.769691
       1       1     -3.000000   -2.000000   -1.368828     -0.000008     3.856642
       1       2     -3.500000   -1.500000   -0.684414     -0.000038     3.868905
       1       1     -2.000000   -2.000000   -2.737657      0.000101     3.936339
       1       1     -4.000000    0.000000    0.000000     -0.000166     4.000000
       1       2     -1.500000   -1.500000   -3.422071     -0.000822     4.026235
       1       1     -3.000000    0.000000   -2.737657     -0.000006     4.061375
       1       2     -3.500000   -0.500000   -2.053242      0.000006     4.088497
       1       2     -2.500000   -2.500000   -2.053242     -0.000385     4.088497
       1       1      0.000000    0.000000   -4.106485      0.000054     4.106485
       1       1     -4.000000   -1.000000    0.000000     -0.000019     4.123106
       1       1     -3.000000   -1.000000   -2.737657     -0.000031     4.182674
       1       1     -1.000000    0.000000   -4.106485     -0.000012     4.226490
       1       1     -4.000000    0.000000   -1.368828     -0.000007     4.227729
       1       1     -3.000000   -3.000000    0.000000     -0.000017     4.242641
       1       2     -2.500000   -0.500000   -3.422071      0.000177     4.267384
       1       2     -3.500000   -1.500000   -2.053242     -0.000069     4.326177
       1       1     -1.000000   -1.000000   -4.106485     -0.000007     4.343181
       1       1     -4.000000   -1.000000   -1.368828      0.000012     4.344386
       1       2     -3.500000   -2.500000   -0.684414      0.000107     4.355275
       1       1     -3.000000   -3.000000   -1.368828     -0.000019     4.457992
       1       1     -4.000000   -2.000000    0.000000     -0.000008     4.472136
       1       2     -2.500000   -1.500000   -3.422071      0.000475     4.495617
       1       1     -3.000000   -2.000000   -2.737657     -0.000005     4.527114
       1       1     -2.000000    0.000000   -4.106485     -0.000002     4.567627
       1       2     -4.500000   -0.500000   -0.684414      0.000160     4.579129
       1       1     -2.000000   -1.000000   -4.106485      0.000005     4.675812
       1       1     -4.000000   -2.000000   -1.368828     -0.000004     4.676932
       1       2     -3.500000   -2.500000   -2.053242      0.000004     4.766110
       1       2     -4.500000   -1.500000   -0.684414     -0.000093     4.792538
       1       2     -0.500000   -0.500000   -4.790899     -0.000004     4.842800
       1       1     -4.000000    0.000000   -2.737657     -0.000009     4.847140
       1       2     -3.500000   -0.500000   -3.422071     -0.000151     4.920424
       1       2     -2.500000   -2.500000   -3.422071     -0.000672     4.920424
       1       1     -4.000000   -1.000000   -2.737657     -0.000009     4.949218
       1       2     -4.500000   -0.500000   -2.053242     -0.000101     4.971499
       1       1     -2.000000   -2.000000   -4.106485     -0.000023     4.986303
       1       2     -3.500000   -3.500000   -0.684414      0.000065     4.996841
       1       1     -5.000000    0.000000    0.000000      0.000046     5.000000
       1       1     -4.000000   -3.000000    0.000000      0.000006     5.000000
       2       1      0.500000    0.500000    0.684414      0.195242     0.984085
       2       2     -1.000000    0.000000    0.000000      1.006780     1.000000
       2       2      0.000000    0.000000   -1.368828      0.221758     1.368828
       2       2     -1.000000   -1.000000    0.000000      0.666132     1.414214
       2       2     -1.000000    0.000000   -1.368828      0.263047     1.695196
       2       1     -1.500000   -0.500000   -0.684414      0.028654     1.722911
       2       2     -1.000000   -1.000000   -1.368828      0.576470     1.968169
       2       2     -2.000000    0.000000    0.000000     -0.093503     2.000000
       2       1     -0.500000   -0.500000   -2.053242      0.006091     2.171590
       2       1     -1.500000   -1.500000   -0.684414      0.003848     2.228996
       2       2     -2.000000   -1.000000    0.000000      0.059767     2.236068
       2       2     -2.000000    0.000000   -1.368828      0.071858     2.423570
       2       1     -1.500000   -0.500000   -2.053242     -0.003754     2.591487
       2       2     -2.000000   -1.000000   -1.368828     -0.047570     2.621772
       2       1     -2.500000   -0.500000   -0.684414     -0.004025     2.639777
       2       2      0.000000    0.000000   -2.737657      0.021333     2.737657
       2       2     -2.000000   -2.000000    0.000000      0.051069     2.828427
       2       2     -1.000000    0.000000   -2.737657      0.045948     2.914578
       2       1     -1.500000   -1.500000   -2.053242      0.000357     2.952254
       2       1     -2.500000   -1.500000   -0.684414     -0.000095     2.994732
       2       2     -3.000000    0.000000    0.000000      0.230946     3.000000
       2       2     -1.000000   -1.000000   -2.737657     -0.034476     3.081357
       2       2     -2.000000   -2.000000   -1.368828     -0.024458     3.142243
       2       2     -3.000000   -1.000000    0.000000     -0.056707     3.162278
       2       1     -2.500000   -0.500000   -2.053242      0.000004     3.273500
       2       2     -3.000000    0.000000   -1.368828     -0.015445     3.297528
       2       2     -2.000000    0.000000   -2.737657      0.019543     3.390393
       2       2     -3.000000   -1.000000   -1.368828      0.025900     3.445822
       2       1     -0.500000   -0.500000   -3.422071     -0.000117     3.494362
       2       2     -2.000000   -1.000000   -2.737657     -0.002519     3.534793
       2       1     -2.500000   -1.500000   -2.053242     -0.001659     3.565923
       2       1     -3.500000   -0.500000   -0.684414     -0.001102     3.601170
       2       1     -2.500000   -2.500000   -0.684414     -0.000413     3.601170
       2       2     -3.000000   -2.000000    0.000000     -0.017657     3.605551
       2       1     -1.500000   -0.500000   -3.422071      0.000270     3.769691
       2       2     -3.000000   -2.000000   -1.368828      0.009524     3.856642
       2       1     -3.500000   -1.500000   -0.684414     -0.000059     3.868905
       2       2     -2.000000   -2.000000   -2.737657      0.018915     3.936339
       2       2     -4.000000    0.000000    0.000000     -0.059229     4.000000
       2       1     -1.500000   -1.500000   -3.422071     -0.000766     4.026235
       2       2     -3.000000    0.000000   -2.737657     -0.006895     4.061375
       2       1     -3.500000   -0.500000   -2.053242     -0.000005     4.088497
       2       1     -2.500000   -2.500000   -2.053242     -0.000355     4.088497
       2       2      0.000000    0.000000   -4.106485     -0.002762     4.106485
       2       2     -4.000000   -1.000000    0.000000      0.022322     4.123106
       2       2     -3.000000   -1.000000   -2.737657     -0.001809     4.182674
       2       2     -1.000000    0.000000   -4.106485     -0.001291     4.226490
       2       2     -4.000000    0.000000   -1.368828      0.003065     4.227729
       2       2     -3.000000   -3.000000    0.000000      0.001880     4.242641
       2       1     -2.500000   -0.500000   -3.422071      0.000180     4.267384
       2       1     -3.500000   -1.500000   -2.053242     -0.000058     4.326177
       2       2     -1.000000   -1.000000   -4.106485      0.002040     4.343181
       2       2     -4.000000   -1.000000   -1.368828     -0.001544     4.344386
       2       1     -3.500000   -2.500000   -0.684414      0.000093     4.355275
       2       2     -3.000000   -3.000000   -1.368828     -0.008111     4.457992
       2       2     -4.000000   -2.000000    0.000000      0.000332     4.472136
       2       1     -2.500000   -1.500000   -3.422071      0.000484     4.495617
       2       2     -3.000000   -2.000000   -2.737657      0.009433     4.527114
       2       2     -2.000000    0.000000   -4.106485     -0.000551     4.567627
       2       1     -4.500000   -0.500000   -0.684414      0.000120     4.579129
       2       2     -2.000000   -1.000000   -4.106485     -0.004139     4.675812
       2       2     -4.000000   -2.000000   -1.368828     -0.003256     4.676932
       2       1     -3.500000   -2.500000   -2.053242      0.000010     4.766110
       2       1     -4.500000   -1.500000   -0.684414     -0.000074     4.792538
       2       1     -0.500000   -0.500000   -4.790899     -0.000020     4.842800
       2       2     -4.000000    0.000000   -2.737657      0.003273     4.847140
       2       1     -3.500000   -0.500000   -3.422071     -0.000173     4.920424
       2       1     -2.500000   -2.500000   -3.422071     -0.000661     4.920424
       2       2     -4.000000   -1.000000   -2.737657     -0.000209     4.949218
       2       1     -4.500000   -0.500000   -2.053242     -0.000072     4.971499
       2       2     -2.000000   -2.000000   -4.106485      0.010772     4.986303
       2       1     -3.500000   -3.500000   -0.684414      0.000088     4.996841
       2       2     -5.000000    0.000000    0.000000     -0.005034     5.000000
       2       2     -4.000000   -3.000000    0.000000      0.000145     5.000000
