        1    0.000000000000  343.866478280186    0.000000000000
        2    4.948425500837  344.041332969386    0.707106781187
        3   19.443380692406  344.547612146663    1.414213562373
        4   42.426892183296  345.325507863302    2.121320343560
        5   72.171054004160  346.266721178785    2.828427124746
        6  106.469081156854  347.228371018472    3.535533905933
        7  142.998211555692  348.099944250439    4.242640687119
        8  179.702438987989  348.950880139343    4.949747468306
        9  214.925305064535  350.275616174253    5.656854249492
       10  247.037210550434  353.372383677919    6.363961030679
       11  273.591941710110  360.792926484115    7.071067811865
       12  291.603295103836  375.469085075587    7.778174593052
       13  301.074718087066  396.691038092302    8.485281374239
       14  305.344416603807  419.615540494072    9.192388155425
       15  307.195986117466  439.407772182846    9.899494936612
       16  307.963951184929  452.656737769410   10.606601717798
       17  308.174595334765  457.305571462321   11.313708498985
       18  308.102158613051  457.216736843488   12.020815280171
       19  307.919405733577  457.012952888600   12.727922061358
       20  307.719897389669  456.646977982146   13.435028842544
       21  307.627863438266  455.473387306044   14.142135623731
       22  307.758526907868  451.996047600700   14.849242404917
       23  308.179550163052  444.233988708826   15.556349186104
       24  308.888614836686  430.667762310721   16.263455967291
       25  309.817329224904  411.282758960103   16.970562748477
       26  310.859549178439  388.068178800648   17.677669529664
       27  311.909240273559  364.580754967209   18.384776310850
       28  312.888136499640  344.693118976715   19.091883092037
       29  313.750971364987  331.108660293660   19.798989873223
       30  314.471330695254  324.369640641083   20.506096654410
       31  315.023368087241  322.842698233086   21.213203435596
       32  315.374914394251  323.682326439941   21.920310216783
       33  315.496205123778  324.305605013506   22.627416997970
       34  315.244741221805  323.095128187515   23.627416997970
       35  314.367572083792  321.776600744905   24.627416997970
       36  312.706887131643  324.770555096305   25.627416997970
       37  310.459874613963  333.625159975245   26.627416997970
       38  307.409116828941  345.426108182049   27.627416997970
       39  302.859094926508  354.743887346861   28.627416997970
       40  295.209030039639  357.949783884017   29.627416997970
       41  281.334490042658  356.041580071184   30.627416997970
       42  257.601209730091  352.925355923446   31.627416997970
       43  222.743913642722  350.867035262298   32.627416997969
       44  178.538474543420  349.550433964279   33.627416997969
       45  128.902695178525  348.199613290960   34.627416997969
       46   79.670472001639  346.652482957715   35.627416997969
       47   37.830710390900  345.208742983282   36.627416997969
       48    9.830053255586  344.215281814447   37.627416997969
       49    0.000000000000  343.866478280186   38.627416997969
       50    3.410123405863  343.997742474457   39.143995140887
       51   13.412254709939  344.384775816265   39.660573283804
       52   29.350013716171  345.005791639339   40.177151426721
       53   50.218920972247  345.819752913419   40.693729569638
       54   74.784308562173  346.760324379671   41.210307712556
       55  101.717311446736  347.729410328471   41.726885855473
       56  129.727224510079  348.592101799711   42.243463998390
       57  157.670760356624  349.175074052765   42.760042141307
       58  184.624442083552  349.270325791909   43.276620284225
       59  209.914150514705  348.645445338473   43.793198427142
       60  233.103891744794  347.060410298730   44.309776570059
       61  253.951704147517  344.290287644504   44.826354712976
       62  272.339767272773  340.156823741722   45.342932855893
       63  288.161030102486  334.596953098298   45.859510998811
       64  300.959810719115  327.979560570687   46.376089141728
       65  307.422653075519  323.580531180892   46.892667284645
       66  307.268494610216  324.412840661577   47.599774065832
       67  306.853380786342  326.756931408510   48.306880847018
       68  306.305145062359  330.145947742852   49.013987628205
       69  305.793137196205  333.814862286100   49.721094409391
       70  305.475951709045  336.817017931890   50.428201190578
       71  305.453322092515  338.259883311831   51.135307971764
       72  305.740371034246  337.572120690804   51.842414752951
       73  306.274451193990  334.658403915041   52.549521534138
       74  306.949919711017  329.855334582884   53.256628315324
       75  307.662151116393  323.734801571353   53.963735096511
       76  308.338190273118  316.902185846837   54.670841877697
       77  308.941216260594  309.919633731341   55.377948658884
       78  303.362345580518  309.453411202682   56.085055440070
       79  297.892860468426  309.854901539914   56.792162221257
       80  294.221160482877  310.116027467645   57.499269002443
       81  292.922622474382  310.207248693232   58.206375783630
       82  295.470670626698  310.116559718533   58.913482564816
       83  302.978254178212  309.861640164923   59.620589346003
       84  309.492666087347  314.874480981409   60.327696127190
       85  309.086777278082  329.857107727498   61.034802908376
       86  308.733462937613  345.866434584714   61.741909689563
       87  308.512208115358  360.612800567266   62.449016470749
       88  308.470431535470  372.541138658300   63.156123251936
       89  308.612699973162  381.723670182788   63.863230033122
       90  308.906902254000  390.079432590085   64.570336814309
       91  309.302627186251  400.623246359143   65.277443595495
       92  309.749497844235  415.979695861359   65.984550376682
       93  310.204878842678  436.842416163579   66.691657157868
       94  310.629969229527  461.152776050318   67.398763939055
       95  310.982918622466  484.461097949072   68.105870720242
       96  311.219298571273  501.386168754503   68.812977501428
       97  311.302827296922  507.581787485274   69.520084282615
       98  311.134470074190  495.169763983534   70.520084282615
       99  310.644635408195  461.138994555688   71.520084282615
      100  309.881824018484  414.566537964809   72.520084282615
      101  308.931171301355  368.165203227771   73.520084282615
      102  307.905010783747  333.819080012182   74.520084282615
      103  306.911325559432  317.526038776562   75.520084282615
      104  306.016140834313  317.138175569622   76.520084282615
      105  305.239104052887  324.892966059890   77.520084282615
      106  304.601254395203  332.882899190115   78.520084282615
      107  304.183956423172  337.159080524506   79.520084282615
      108  304.125126777164  337.788801310573   80.520084282615
      109  304.526909163992  336.182534796200   81.520084282615
      110  305.339200004559  333.102230640988   82.520084282615
      111  306.320007313656  328.997749560189   83.520084282615
      112  307.116822521250  325.176238162068   84.520084282615
      113  307.422653075519  323.580531180892   85.520084282615
      114  301.147814714203  328.480656514553   86.395785703043
      115  290.138498014659  335.429166920460   87.271487123471
      116  278.800951320593  340.360595484462   88.147188543899
      117  268.520616670772  342.805546413354   89.022889964327
      118  260.409299882649  343.282368087514   89.898591384755
      119  255.675897376834  342.742169929097   90.774292805183
      120  255.547273589854  342.226457918352   91.649994225611
      121  260.864878453782  342.790457158121   92.525695646040
      122  271.311539172752  345.823141216356   93.401397066468
      123  284.366741243928  353.679361992290   94.277098486896
      124  295.556235649468  369.161682268414   95.152799907324
      125  302.326562862319  391.742012801622   96.028501327752
      126  305.698799606316  416.495084498664   96.904202748180
      127  307.280487340595  437.979427068856   97.779904168608
      128  307.976904201597  452.304695647691   98.655605589036
      129  308.174595334765  457.305571462321   99.531307009464
      130  308.185260334014  456.943399708550  100.047885152382
      131  308.218044454312  455.692297280067  100.564463295299
      132  308.275049128310  453.103160505577  101.081041438216
      133  308.358954272991  448.565030098844  101.597619581133
      134  308.471991837704  441.474980558845  102.114197724051
      135  308.614868093773  431.413527158872  102.630775866968
      136  308.785881447396  418.284207872814  103.147354009885
      137  308.980428902641  402.387073428681  103.663932152802
      138  309.190999191925  384.413907266580  104.180510295720
      139  309.407641716432  365.372549836401  104.697088438637
      140  309.618806852592  346.463106080839  105.213666581554
      141  309.812396643648  328.936140298189  105.730244724471
      142  309.976854014673  313.961093648804  106.246822867389
      143  302.523966518725  310.102147568762  106.763401010306
      144  295.360825946122  310.180560859943  107.279979153223
      145  292.922622474382  310.207248693232  107.796557296140
      146  297.850999958711  310.088266667886  108.672258716568
      147  309.734591940206  311.699066789476  109.547960136996
      148  309.178360835273  331.801141943617  110.423661557425
      149  308.522701353632  354.195479086823  111.299362977853
      150  307.952452256009  374.350331142403  112.175064398281
      151  307.684198322072  388.177163857481  113.050765818709
      152  307.877239510839  393.168953580023  113.926467239137
      153  308.561978741510  389.229337294598  114.802168659565
      154  309.631633774238  378.657269126857  115.677870079993
      155  310.897986706897  365.104587489170  116.553571500421
      156  312.170434297971  351.998480878580  117.429272920850
      157  313.310722488306  341.353292618380  118.304974341278
      158  314.242667682395  333.619685461893  119.180675761706
      159  314.930352522776  328.411404607617  120.056377182134
      160  315.353203959293  325.337583395407  120.932078602562
      161  315.496205123778  324.305605013506  121.807780022990
      162  315.474994088179  326.041708230784  122.324358165907
      163  315.410702456348  331.073270460985  122.840936308825
      164  315.301409695442  338.925079909361  123.357514451742
      165  315.144157346422  348.968480137350  123.874092594659
      166  314.935485336325  360.603246373751  124.390670737576
      167  314.672420457580  373.408933115056  124.907248880493
      168  314.353948075906  387.208103316040  125.423827023411
      169  313.982810374351  402.014608381274  125.940405166328
      170  313.567272048350  417.881402126720  126.456983309245
      171  313.122357385913  434.700019028320  126.973561452162
      172  312.670058261135  452.024627101828  127.490139595080
      173  312.238169238280  468.989824493314  128.006717737997
      174  311.857699876501  484.363655876388  128.523295880914
      175  311.559172869561  496.734386656966  129.039874023831
      176  311.368438956968  504.785395587783  129.556452166749
      177  311.302827296922  507.581787485274  130.073030309666
